administrator
admin123
adminweb
admin1
adminadmin
1234
123
1
666
123123
123321
1234567
12345678
123456789
123456123456
admin2010
admin2011
passwrdAdmin123
password
P@ssW0rd
!@#$%^
!@#$%^&*(
(*&^%$#@!
111111
222222
333333
444444
555555
666666
777777
888888
999999
admin
!@#$%^&
00000000
121212
1234qwer
123go
131313
13579
1701d
21122112
369
5555
80486
90210
911
99999999
@#$%^&
ABC123
Abcdef
Asdfgh
000000
007007
11111
11111111
1213
1214
1225
123321
1313
1316
1332
1412
1430
171717
1818
181818
1950
1952
1953
1955
1956
1960
1964
1975
1977
1991
1a2b3c
1chris
1kitty
1qw23e
2001
2020
2112
22
2200
2252
2kids
3010
3112
3141
333
3533
4055
4444
4788
4854
4runner
5050
5121
54321
55555
57chevy
6262
6301
6969
7777777
789456
7dwarfs
88888888
Abcdefg
pppppp
!@#$%
!@#$%^
!@#$%^&
!@#$%^&*
*
000000
00000000
00000000
000000
1
1a2b3c
1chris
1kitty
1p2o3i
1q2w3e
1qw23e
2kids
3bears
4runner
007
0007
7dwarfs
10sne1
22
57chevy
123
123abc
123abc
123asd
123go
123qwe
333
369
777
911
1022
1111
1212
1213
1214
1225
1234
1234qwer
1234qwer
1313
1316
1332
1412
1430
1701d
1818
1911
1928
1948
1950
1952
1953
1955
1956
1960
1964
1969
1973
1975
1977
1978
1991
1996
2000
2001
2020
2112
2200
2222
2222
2252
3010
3112
3141
3533
4055
4444
4788
4854
5050
5121
5252
5555
5683
6262
6301
6666
6969
007007
7777
7777
11111
12345
13579
54321
55555
80486
90210
111111
111111
111111
121212
121212
121212
123123
123123
123123
123321
123456
123456
123456
123467
131313
131313
171717
181818
334345
654321
654321
666666
666666
696969
777777
789456
888888
1234242
1234561
1234561
1234567
1234567
1234678
7777777
8675309
8675309
11111111
11111111
11111111
12345678
12345678
12346789
21122112
88888888
88888888
99999999
123456123
123456789
123456789
123467890
142356789
@#$%^&
ABC123
ACCESS
ADMINISTRATOR
Abcdef
Abcdefg
Administrador
Administrateur
Administrator
123456